,rue,split
0,0.16565709,Test
1,0.13437624,Test
2,0.152283,Test
3,0.12998499,Test
4,0.1301745,Test
5,0.16737439,Test
6,0.12314556,Test
7,0.11277139,Test
8,0.16542219,Test
9,0.14250948,Test
10,0.17585279,Test
11,0.17640787,Test
12,0.16719174,Test
13,0.11927241,Test
14,0.16109143,Test
15,0.12966433,Test
16,0.16733576,Test
17,0.1316134,Test
18,0.14784531,Test
19,0.15104514,Test
20,0.17176096,Test
21,0.15163699,Test
22,0.18261118,Test
23,0.15848626,Test
24,0.13214575,Test
25,0.1441998,Test
26,0.14828444,Test
27,0.18461159,Test
28,0.17761579,Test
29,0.17003332,Test
30,0.15904267,Test
31,0.15489691,Test
32,0.17178555,Test
33,0.17426765,Test
34,0.18507256,Test
35,0.15478861,Test
36,0.13385622,Test
37,0.14467773,Test
38,0.18104078,Test
39,0.17960975,Test
40,0.17743722,Test
41,0.1887815,Test
42,0.1885342,Test
43,0.16268218,Test
44,0.16485061,Test
45,0.1666435,Test
46,0.15268187,Test
47,0.15440792,Test
48,0.19262004,Test
49,0.16439167,Test
50,0.15185234,Test
51,0.1548076,Test
52,0.20026821,Test
53,0.13996553,Test
54,0.16567524,Test
55,0.19667447,Test
56,0.17561911,Test
57,0.18252464,Test
58,0.17625365,Test
59,0.16131996,Test
60,0.16056179,Test
61,0.1677208,Test
62,0.1414484,Test
63,0.13508466,Test
64,0.18542846,Test
65,0.18532823,Test
66,0.15318882,Test
67,0.17824167,Test
68,0.16943221,Test
69,0.1706846,Test
70,0.15733185,Test
71,0.21378401,Test
72,0.1228094,Test
73,0.15484114,Test
74,0.1590642,Test
75,0.19369437,Test
76,0.14657345,Test
77,0.18491963,Test
78,0.18884136,Test
79,0.19164509,Test
80,0.15468007,Test
81,0.15789725,Test
82,0.19130003,Test
83,0.13760269,Test
84,0.19450688,Test
85,0.17084065,Test
86,0.16138084,Test
87,0.13873488,Test
88,0.14500117,Test
89,0.15988551,Test
90,0.15029484,Test
91,0.15289353,Test
92,0.16554147,Test
93,0.1735607,Test
94,0.16842145,Test
95,0.17321478,Test
96,0.12457793,Test
97,0.11669042,Test
98,0.119954266,Test
99,0.19541073,Test
100,0.13075712,Test
101,0.17465855,Test
102,0.15394475,Test
103,0.13204707,Test
104,0.16848767,Test
105,0.18163379,Test
106,0.16728483,Test
107,0.1974067,Test
108,0.1420737,Test
109,0.17981221,Test
110,0.12313282,Test
111,0.15283538,Test
112,0.17708276,Test
113,0.17295918,Test
114,0.14769153,Test
115,0.15154414,Test
116,0.17283025,Test
117,0.16300847,Test
118,0.14878717,Test
119,0.16694342,Test
120,0.15104917,Test
121,0.16815528,Test
122,0.1539279,Test
123,0.16649243,Test
124,0.15042512,Test
125,0.13688318,Test
126,0.16061321,Test
127,0.14186674,Test
128,0.16588691,Test
129,0.15169759,Test
130,0.1472351,Test
131,0.13174148,Test
132,0.14114112,Test
133,0.18552001,Test
134,0.18439423,Test
135,0.1575433,Test
136,0.1600648,Test
137,0.1716661,Test
138,0.13802998,Test
139,0.18010321,Test
140,0.112758584,Test
141,0.17457327,Test
142,0.2040571,Test
143,0.19177555,Test
144,0.15902148,Test
145,0.14917189,Test
146,0.16337052,Test
147,0.19151609,Test
148,0.13285449,Test
149,0.16115178,Test
150,0.1748579,Test
151,0.15128204,Test
152,0.1932831,Test
153,0.14588091,Test
154,0.14229062,Test
155,0.14073715,Test
156,0.12827675,Test
157,0.16781816,Test
158,0.17271465,Test
159,0.18244337,Test
160,0.15845013,Test
161,0.1946092,Test
162,0.14219457,Test
163,0.10359927,Test
164,0.1570086,Test
165,0.15369317,Test
166,0.155457,Test
167,0.13648216,Test
168,0.11141622,Test
169,0.16681005,Test
170,0.14761609,Test
171,0.19616008,Test
172,0.13720629,Test
173,0.14308867,Test
174,0.17156364,Test
175,0.15517403,Test
176,0.14012301,Test
177,0.14137031,Test
178,0.16082886,Test
179,0.12864432,Test
180,0.17043135,Test
181,0.16034868,Test
182,0.16458213,Test
183,0.15851988,Test
184,0.16400711,Test
185,0.13727838,Test
186,0.13526487,Test
187,0.1959692,Test
188,0.12134472,Test
189,0.14707376,Test
190,0.14845137,Test
191,0.17836931,Test
192,0.122765854,Test
193,0.1661984,Test
194,0.15083201,Test
195,0.15650763,Test
196,0.1523479,Test
197,0.16311489,Test
198,0.17451122,Test
199,0.19211908,Test
200,0.16396053,Test
201,0.16784312,Test
202,0.1752753,Test
203,0.16498889,Test
204,0.18673472,Test
205,0.1434944,Test
206,0.1424546,Test
207,0.17066851,Test
208,0.15105721,Test
209,0.14254236,Test
210,0.13597812,Test
211,0.16425411,Test
212,0.15705907,Test
213,0.15513098,Test
214,0.14821513,Test
215,0.18574885,Test
216,0.16059205,Test
217,0.16020446,Test
218,0.17656246,Test
219,0.13014396,Test
220,0.17379448,Test
221,0.14178292,Test
222,0.15084127,Test
223,0.17059238,Test
224,0.14248748,Test
225,0.15591684,Test
226,0.134127,Test
227,0.18498483,Test
228,0.18483706,Test
229,0.17625444,Test
230,0.17317826,Test
231,0.17214632,Test
232,0.17523798,Test
233,0.15409794,Test
234,0.16669708,Test
235,0.15154608,Test
236,0.14319275,Test
237,0.15537246,Test
238,0.12620226,Test
239,0.13481158,Test
240,0.18897405,Test
241,0.15504089,Test
242,0.16740131,Test
243,0.2039928,Test
244,0.12558118,Test
245,0.15106489,Test
246,0.17587388,Test
247,0.19776538,Test
248,0.15193078,Test
249,0.163012,Test
250,0.16223454,Test
251,0.12447095,Test
252,0.15617093,Test
253,0.19687134,Test
254,0.15674633,Test
255,0.15203297,Test
256,0.1966907,Test
257,0.19087432,Test
258,0.17497155,Test
259,0.17116928,Test
260,0.17209001,Test
261,0.14520653,Test
262,0.15331534,Test
263,0.21074852,Test
264,0.12946905,Test
265,0.19267216,Test
266,0.11310943,Test
267,0.16633412,Test
268,0.16576523,Test
269,0.16402598,Test
270,0.16416593,Test
271,0.13800313,Test
272,0.18223657,Test
273,0.13979097,Test
274,0.18202694,Test
275,0.19507991,Test
276,0.18192105,Test
277,0.14384022,Test
278,0.14841561,Test
279,0.17207268,Test
280,0.13983716,Test
281,0.18547352,Test
282,0.18058804,Test
283,0.16587928,Test
284,0.13231534,Test
285,0.16370705,Test
286,0.15764473,Test
287,0.14530453,Test
288,0.16012657,Test
289,0.14575228,Test
290,0.1558365,Test
291,0.16893709,Test
292,0.17463537,Test
293,0.15421622,Test
294,0.14938328,Test
295,0.14039208,Test
296,0.17306468,Test
297,0.15702015,Test
298,0.14874963,Test
299,0.15420729,Test
300,0.16776955,Test
301,0.12712045,Test
302,0.16928156,Test
303,0.1710792,Test
304,0.1748103,Test
305,0.1673266,Test
306,0.16291112,Test
307,0.17061156,Test
308,0.18623443,Test
309,0.16491564,Test
310,0.19120279,Test
311,0.15309075,Test
312,0.179533,Test
313,0.16890658,Test
314,0.15939409,Test
315,0.15751156,Test
316,0.15138225,Test
317,0.16717272,Test
318,0.19837631,Test
319,0.15202864,Test
320,0.12460523,Test
321,0.17615403,Test
322,0.1716148,Test
323,0.1433178,Test
324,0.15614463,Test
325,0.152473,Test
326,0.18909861,Test
327,0.18380046,Test
328,0.14211854,Test
329,0.17965047,Test
330,0.16004267,Test
331,0.1923004,Test
332,0.1704387,Test
333,0.19723193,Test
334,0.15891074,Test
335,0.21562527,Test
336,0.16476162,Test
337,0.18971841,Test
338,0.16778657,Test
339,0.105027825,Test
340,0.16189909,Test
341,0.14282775,Test
342,0.16125858,Test
343,0.153925,Test
344,0.18960455,Test
345,0.19188508,Test
346,0.16354975,Test
347,0.1736694,Test
348,0.18065375,Test
349,0.16954671,Test
350,0.15603127,Test
351,0.12969114,Test
352,0.18537427,Test
353,0.16314892,Test
354,0.15992345,Test
355,0.1434425,Test
356,0.15279366,Test
357,0.18835713,Test
358,0.16663253,Test
359,0.14699678,Test
360,0.18488939,Test
361,0.12694484,Test
362,0.16224208,Test
363,0.20514901,Test
364,0.12698406,Test
365,0.16443177,Test
366,0.1585222,Test
367,0.15965891,Test
368,0.16181573,Test
369,0.13561462,Test
370,0.15163268,Test
371,0.16924697,Test
372,0.20300812,Test
373,0.17959629,Test
374,0.15559794,Test
375,0.14528432,Test
376,0.15068544,Test
377,0.20851125,Test
378,0.1586893,Test
379,0.19245009,Test
380,0.13868591,Test
381,0.19921894,Test
382,0.1861591,Test
383,0.19081348,Test
384,0.17477335,Test
385,0.13413352,Test
386,0.15927939,Test
387,0.19373457,Test
388,0.14838478,Test
389,0.1661004,Test
390,0.1616284,Test
391,0.11407758,Test
392,0.16468333,Test
393,0.10188136,Test
394,0.19597924,Test
395,0.1560363,Test
396,0.17403254,Test
397,0.17346051,Test
398,0.14113596,Test
399,0.17815791,Test
400,0.14446856,Test
401,0.18081386,Test
402,0.1415001,Test
403,0.16109915,Test
404,0.1793722,Test
405,0.15872869,Test
406,0.16505642,Test
407,0.1454205,Test
408,0.15772039,Test
409,0.15715994,Test
410,0.16366008,Test
411,0.18496265,Test
412,0.15926187,Test
413,0.16160607,Test
414,0.1683597,Test
415,0.13965632,Test
416,0.19097018,Test
417,0.14731367,Test
418,0.15743315,Test
419,0.1532613,Test
420,0.13838075,Test
421,0.16905238,Test
422,0.17503658,Test
423,0.15636875,Test
424,0.20914117,Test
425,0.15999359,Test
426,0.19090244,Test
427,0.15893696,Test
428,0.16071562,Test
429,0.14498727,Test
430,0.19079728,Test
431,0.1520066,Test
432,0.13654028,Test
433,0.2073642,Test
434,0.14263521,Test
435,0.1723995,Test
436,0.13623472,Test
437,0.17121106,Test
438,0.16098957,Test
439,0.14490065,Test
440,0.18235582,Test
441,0.1579192,Test
442,0.1739331,Test
443,0.17895888,Test
444,0.17459282,Test
445,0.17913057,Test
446,0.16906728,Test
447,0.15889335,Test
448,0.11184035,Test
449,0.1856508,Test
450,0.14941877,Test
451,0.15646254,Test
452,0.15707698,Test
453,0.16165368,Test
454,0.14297768,Test
455,0.120531015,Test
456,0.17584415,Test
457,0.16023289,Test
458,0.16150668,Test
459,0.16348901,Test
460,0.19168271,Test
461,0.155241,Test
462,0.20533149,Test
463,0.15254855,Test
464,0.17406975,Test
465,0.19046575,Test
466,0.1701372,Test
467,0.12802093,Test
468,0.16605994,Test
469,0.17719522,Test
470,0.18471067,Test
471,0.15206623,Test
472,0.18347715,Test
473,0.15181182,Test
474,0.18822515,Test
475,0.18271695,Test
476,0.21319006,Test
477,0.19433254,Test
478,0.15958035,Test
479,0.14937386,Test
480,0.121457234,Test
481,0.1597761,Test
482,0.12810992,Test
483,0.19253643,Test
484,0.15289973,Test
485,0.20665108,Test
486,0.15027629,Test
487,0.147755,Test
488,0.16124754,Test
489,0.15149811,Test
490,0.20537381,Test
491,0.16288312,Test
492,0.1861362,Test
493,0.14910343,Test
494,0.18129513,Test
495,0.19365111,Test
496,0.19185615,Test
497,0.1925536,Test
498,0.17015393,Test
499,0.120649986,Test
500,0.22024016,Test
501,0.14935225,Test
502,0.1866496,Test
503,0.15981399,Test
504,0.14650668,Test
505,0.16263625,Test
506,0.15658846,Test
507,0.14983863,Test
508,0.19639468,Test
509,0.18165652,Test
510,0.1521657,Test
511,0.14987895,Test
512,0.1711554,Test
513,0.15160984,Test
514,0.14093512,Test
515,0.16229728,Test
516,0.16393189,Test
517,0.1608437,Test
518,0.1569009,Test
519,0.17647932,Test
520,0.16594951,Test
521,0.16001253,Test
522,0.1429224,Test
523,0.15465668,Test
524,0.16440237,Test
525,0.17558314,Test
526,0.16757192,Test
527,0.16103171,Test
528,0.18124583,Test
529,0.14856325,Test
530,0.1850127,Test
531,0.14080042,Test
532,0.14704138,Test
533,0.14410478,Test
534,0.19551468,Test
535,0.15820877,Test
536,0.18903823,Test
537,0.188064,Test
538,0.13996832,Test
539,0.16126695,Test
540,0.12966172,Test
541,0.15812048,Test
542,0.20301689,Test
543,0.15501095,Test
544,0.17058124,Test
545,0.14723392,Test
546,0.09839584,Test
547,0.17406657,Test
548,0.15190348,Test
549,0.15251282,Test
550,0.1679231,Test
551,0.09698072,Test
552,0.18968359,Test
553,0.18332629,Test
554,0.14073117,Test
555,0.13370457,Test
556,0.17169465,Test
557,0.16817436,Test
558,0.13665655,Test
559,0.16407876,Test
560,0.16596712,Test
561,0.12424134,Test
562,0.15754029,Test
563,0.17171995,Test
564,0.14803389,Test
565,0.16702996,Test
566,0.15851618,Test
567,0.19691545,Test
568,0.123968005,Test
569,0.17250535,Test
570,0.14108904,Test
571,0.1581988,Test
572,0.1650108,Test
573,0.15130936,Test
574,0.19401464,Test
575,0.14164889,Test
576,0.12088816,Test
577,0.12544908,Test
578,0.1742524,Test
579,0.19604144,Test
580,0.16458845,Test
581,0.18693757,Test
582,0.15908366,Test
583,0.17335056,Test
584,0.19309594,Test
585,0.13315971,Test
586,0.15699479,Test
587,0.15863663,Test
588,0.16972524,Test
589,0.15985802,Test
590,0.11346616,Test
591,0.14604408,Test
592,0.14067733,Test
593,0.20146391,Test
594,0.13547137,Test
595,0.11925447,Test
596,0.1625249,Test
597,0.1774959,Test
598,0.14719875,Test
599,0.13850364,Test
600,0.14465642,Test
601,0.20208411,Test
602,0.15612143,Test
603,0.13951315,Test
604,0.17974474,Test
605,0.15363191,Test
606,0.14973654,Test
607,0.17279558,Test
608,0.16494212,Test
609,0.18585408,Test
610,0.17504132,Test
611,0.18064335,Test
612,0.14810625,Test
613,0.17521384,Test
614,0.1514725,Test
615,0.18973118,Test
616,0.15166287,Test
617,0.1677112,Test
618,0.19047946,Test
619,0.18596402,Test
620,0.16693108,Test
621,0.16384038,Test
622,0.1562679,Test
623,0.18067223,Test
624,0.18375422,Test
625,0.1130677,Test
626,0.13574502,Test
627,0.15843694,Test
628,0.20860077,Test
629,0.15887216,Test
630,0.17588708,Test
631,0.15714489,Test
632,0.15379299,Test
633,0.17647327,Test
634,0.17056386,Test
635,0.15777013,Test
636,0.18622573,Test
637,0.12690915,Test
638,0.20363575,Test
639,0.17734237,Test
640,0.16176745,Test
641,0.14430574,Test
642,0.17710173,Test
643,0.18850887,Test
644,0.16804685,Test
645,0.16142116,Test
646,0.13838354,Test
647,0.14477725,Test
648,0.16968149,Test
649,0.1613321,Test
650,0.16153888,Test
651,0.2139879,Test
652,0.16986935,Test
653,0.18621916,Test
654,0.1472968,Test
655,0.1774951,Test
656,0.18013638,Test
657,0.17648904,Test
658,0.15086538,Test
659,0.18174535,Test
660,0.16331556,Test
661,0.164952,Test
662,0.16578668,Test
663,0.18317805,Test
664,0.18221182,Test
665,0.16997081,Test
666,0.17720273,Test
667,0.16127008,Test
668,0.154613,Test
669,0.17509611,Test
670,0.17440759,Test
671,0.18905951,Test
672,0.1581188,Test
673,0.17482941,Test
674,0.15575649,Test
675,0.13419646,Test
676,0.15890406,Test
677,0.12793039,Test
678,0.11042385,Test
679,0.17222649,Test
680,0.1459178,Test
681,0.13968775,Test
682,0.19764498,Test
683,0.15320659,Test
684,0.10612885,Test
685,0.1788281,Test
686,0.15224767,Test
687,0.1869596,Test
688,0.14869222,Test
689,0.14357843,Test
690,0.14358848,Test
691,0.15742633,Test
692,0.18760839,Test
693,0.15612665,Test
694,0.18793039,Test
695,0.20083396,Test
696,0.15632735,Test
697,0.17549166,Test
698,0.16870376,Test
699,0.15708555,Test
700,0.14046179,Test
701,0.1759704,Test
702,0.16949746,Test
703,0.15632263,Test
704,0.15558065,Test
705,0.13849528,Test
706,0.1898711,Test
707,0.15548627,Test
708,0.1348346,Test
709,0.14455296,Test
710,0.1555778,Test
711,0.18557717,Test
712,0.12744927,Test
713,0.15213665,Test
714,0.16963424,Test
715,0.14135721,Test
716,0.14931872,Test
717,0.1609912,Test
718,0.19380182,Test
719,0.1626046,Test
720,0.16791025,Test
721,0.15282226,Test
722,0.19152494,Test
723,0.15861745,Test
724,0.16693692,Test
725,0.14290506,Test
726,0.15533316,Test
727,0.17663597,Test
728,0.13990892,Test
729,0.15984361,Test
730,0.18482226,Test
731,0.2075341,Test
732,0.14950128,Test
733,0.16031937,Test
734,0.15978956,Test
735,0.13902892,Test
736,0.16384174,Test
737,0.16274287,Test
738,0.1489544,Test
739,0.19040337,Test
740,0.16090956,Test
741,0.11381564,Test
742,0.1506128,Test
743,0.16786982,Test
744,0.15072422,Test
745,0.14852881,Test
746,0.16648003,Test
747,0.17408599,Test
748,0.12218658,Test
749,0.1726492,Test
750,0.14546935,Test
751,0.15164821,Test
752,0.16163035,Test
753,0.15311243,Test
754,0.12228896,Test
755,0.14920227,Test
756,0.17778468,Test
757,0.18278907,Test
758,0.17640637,Test
759,0.17693862,Test
760,0.16186988,Test
761,0.16436288,Test
762,0.1621829,Test
763,0.17745876,Test
764,0.18935622,Test
765,0.15990992,Test
766,0.16668363,Test
767,0.18095446,Test
768,0.1308861,Test
769,0.1739076,Test
770,0.1946889,Test
771,0.15914059,Test
772,0.15670913,Test
773,0.19892064,Test
774,0.16863286,Test
775,0.12837486,Test
776,0.17702569,Test
777,0.13549678,Test
778,0.17550817,Test
779,0.17647594,Test
780,0.11984866,Test
781,0.16077131,Test
782,0.16157632,Test
783,0.18709596,Test
784,0.15828778,Test
785,0.15108784,Test
786,0.15114598,Test
787,0.15901458,Test
788,0.13839377,Test
789,0.17165728,Test
790,0.15081057,Test
791,0.20005679,Test
792,0.200439,Test
793,0.18192832,Test
794,0.1610996,Test
795,0.16384587,Test
796,0.19804165,Test
797,0.1719327,Test
798,0.15617543,Test
799,0.12964414,Test
800,0.16026376,Test
801,0.16549392,Test
802,0.13691856,Test
803,0.17074361,Test
804,0.16327614,Test
805,0.11996892,Test
806,0.14798611,Test
807,0.13626859,Test
808,0.181043,Test
809,0.15975313,Test
810,0.15601969,Test
811,0.15035674,Test
812,0.1935695,Test
813,0.17076676,Test
814,0.112538174,Test
815,0.10921675,Test
816,0.1251169,Test
817,0.14799449,Test
818,0.15830144,Test
819,0.16415362,Test
820,0.1705137,Test
821,0.16259898,Test
822,0.14328343,Test
823,0.16839124,Test
824,0.10139374,Test
825,0.15208387,Test
826,0.15449078,Test
827,0.1642909,Test
828,0.18614146,Test
829,0.15669443,Test
830,0.1662668,Test
831,0.16825682,Test
832,0.14428635,Test
833,0.16941203,Test
834,0.14740112,Test
835,0.18342556,Test
836,0.15758882,Test
837,0.17336398,Test
838,0.19974229,Test
839,0.141596,Test
840,0.17989522,Test
841,0.14531289,Test
842,0.16229439,Test
843,0.12597194,Test
844,0.18128075,Test
845,0.17523354,Test
846,0.17539942,Test
847,0.16082558,Test
848,0.19219796,Test
849,0.16470957,Test
850,0.16036096,Test
851,0.1444537,Test
852,0.13896775,Test
853,0.16948088,Test
854,0.16363075,Test
855,0.13143381,Test
856,0.16300681,Test
857,0.17681356,Test
858,0.13133661,Test
859,0.19966553,Test
860,0.12308441,Test
861,0.15627594,Test
862,0.1999792,Test
863,0.15704745,Test
864,0.15362237,Test
865,0.19826823,Test
866,0.11437793,Test
867,0.13753153,Test
868,0.16961823,Test
869,0.14396773,Test
870,0.17187837,Test
871,0.11226402,Test
872,0.15262853,Test
873,0.1294894,Test
874,0.1505492,Test
875,0.21018738,Test
876,0.17656514,Test
877,0.21074681,Test
878,0.17453326,Test
879,0.15762554,Test
880,0.17685564,Test
881,0.17252877,Test
882,0.18461621,Test
883,0.16872539,Test
884,0.191011,Test
885,0.17866719,Test
886,0.12329847,Test
887,0.13189141,Test
888,0.17527232,Test
889,0.16166453,Test
890,0.1417248,Test
891,0.1861964,Test
892,0.15959221,Test
893,0.1671816,Test
894,0.17849006,Test
895,0.14564517,Test
896,0.14596272,Test
897,0.12754866,Test
898,0.14530908,Test
899,0.18501796,Test
900,0.19237785,Test
901,0.15283287,Test
902,0.17673615,Test
903,0.14119262,Test
904,0.17155688,Test
905,0.18400238,Test
906,0.1207508,Test
907,0.13949923,Test
908,0.1671302,Test
909,0.15025306,Test
910,0.15933987,Test
911,0.15267234,Test
912,0.16663225,Test
913,0.15366462,Test
914,0.1497113,Test
915,0.16952467,Test
916,0.13352448,Test
917,0.15627484,Test
918,0.14772761,Test
919,0.16370215,Test
920,0.1361953,Test
921,0.15335862,Test
922,0.15668128,Test
923,0.18051799,Test
924,0.15227474,Test
925,0.14913157,Test
926,0.16037905,Test
927,0.19895375,Test
928,0.1737208,Test
929,0.16719986,Test
930,0.19066988,Test
931,0.13391225,Test
932,0.14239378,Test
933,0.1568052,Test
934,0.13719422,Test
935,0.19888371,Test
936,0.16979639,Test
937,0.20515974,Test
938,0.1569924,Test
939,0.1282616,Test
940,0.17807029,Test
941,0.17104493,Test
942,0.15692595,Test
943,0.18818128,Test
944,0.1720073,Test
945,0.1483794,Test
946,0.17298998,Test
947,0.18210119,Test
948,0.15055922,Test
949,0.1387319,Test
950,0.16008982,Test
951,0.18505631,Test
952,0.17377838,Test
953,0.15392657,Test
954,0.13151473,Test
955,0.14933603,Test
956,0.14065444,Test
957,0.16336916,Test
958,0.1501491,Test
959,0.11706466,Test
960,0.16080059,Test
961,0.1976652,Test
962,0.13345625,Test
963,0.17716742,Test
964,0.13235219,Test
965,0.19999447,Test
966,0.16372216,Test
967,0.15045555,Test
968,0.10632044,Test
969,0.11894018,Test
970,0.15854892,Test
971,0.18319716,Test
972,0.13982521,Test
973,0.13600294,Test
974,0.16911617,Test
975,0.15341228,Test
976,0.107603334,Test
977,0.13312443,Test
978,0.16123065,Test
979,0.19939269,Test
980,0.119865805,Test
981,0.15363777,Test
982,0.15422714,Test
983,0.1637512,Test
984,0.1756714,Test
985,0.18791811,Test
986,0.22275893,Test
987,0.20844059,Test
988,0.18012755,Test
989,0.19580595,Test
990,0.1779134,Test
991,0.15740992,Test
992,0.19875306,Test
993,0.18653403,Test
994,0.15915065,Test
995,0.15603495,Test
996,0.15519556,Test
997,0.1427598,Test
998,0.15282533,Test
999,0.18546505,Test
1000,0.17347024,Test
1001,0.17827702,Test
1002,0.19204783,Test
1003,0.18050246,Test
1004,0.18455313,Test
1005,0.15191294,Test
1006,0.20169678,Test
1007,0.12253529,Test
1008,0.16725312,Test
1009,0.13816722,Test
1010,0.16931954,Test
1011,0.18071672,Test
1012,0.15044697,Test
1013,0.20737556,Test
1014,0.17145722,Test
1015,0.12371491,Test
1016,0.17053719,Test
1017,0.2108469,Test
1018,0.13047011,Test
1019,0.15370332,Test
1020,0.11147207,Test
1021,0.13554412,Test
1022,0.13921516,Test
1023,0.16603735,Test
1024,0.16946907,Test
1025,0.16032593,Test
1026,0.15697014,Test
1027,0.17169547,Test
1028,0.18179202,Test
1029,0.1359454,Test
1030,0.10625339,Test
1031,0.1282398,Test
1032,0.1598794,Test
1033,0.1953063,Test
1034,0.15483381,Test
1035,0.22990894,Test
1036,0.14529811,Test
1037,0.14436968,Test
1038,0.13944522,Test
1039,0.14973103,Test
1040,0.16490068,Test
1041,0.12201161,Test
1042,0.16961734,Test
1043,0.19231223,Test
1044,0.18017817,Test
1045,0.19205025,Test
1046,0.22857909,Test
1047,0.124200314,Test
1048,0.17260973,Test
1049,0.19771644,Test
1050,0.1516679,Test
1051,0.17418584,Test
1052,0.1593088,Test
1053,0.15925007,Test
1054,0.15775016,Test
1055,0.16319166,Test
1056,0.15690795,Test
1057,0.16814794,Test
1058,0.16483979,Test
1059,0.15975624,Test
1060,0.11483277,Test
1061,0.1677,Test
1062,0.17311852,Test
1063,0.15860946,Test
1064,0.14445388,Test
1065,0.18342856,Test
1066,0.17659052,Test
1067,0.15207383,Test
1068,0.17382906,Test
1069,0.17418966,Test
1070,0.16327794,Test
1071,0.1461358,Test
1072,0.14389613,Test
1073,0.12700965,Test
1074,0.14762361,Test
1075,0.16954923,Test
1076,0.16175123,Test
1077,0.17759211,Test
1078,0.1659258,Test
1079,0.13380961,Test
1080,0.17051268,Test
1081,0.12730461,Test
1082,0.16112575,Test
1083,0.16214062,Test
1084,0.17009576,Test
1085,0.17956428,Test
1086,0.17572033,Test
1087,0.14754802,Test
1088,0.16800305,Test
1089,0.15020424,Test
1090,0.13945217,Test
1091,0.17583333,Test
1092,0.18110791,Test
1093,0.16654518,Test
1094,0.18485214,Test
1095,0.13480742,Test
1096,0.13134548,Test
1097,0.1410398,Test
1098,0.1762366,Test
1099,0.16353148,Test
1100,0.14378877,Test
1101,0.14924763,Test
1102,0.15760083,Test
1103,0.17061457,Test
1104,0.14930166,Test
1105,0.18674968,Test
1106,0.16590399,Test
1107,0.1756345,Test
1108,0.14677188,Test
1109,0.15173534,Test
1110,0.17377408,Test
1111,0.21375804,Test
1112,0.14386974,Test
1113,0.11432592,Test
1114,0.16568834,Test
1115,0.15034427,Test
1116,0.13474117,Test
1117,0.17476583,Test
1118,0.16598883,Test
1119,0.14195909,Test
1120,0.15712063,Test
1121,0.16514038,Test
1122,0.14095667,Test
1123,0.14277807,Test
1124,0.15365806,Test
1125,0.15984641,Test
1126,0.14055797,Test
1127,0.1471397,Test
1128,0.19148129,Test
1129,0.1814923,Test
1130,0.16176997,Test
1131,0.18401848,Test
1132,0.1614705,Test
1133,0.1783352,Test
1134,0.13192467,Test
1135,0.17693572,Test
1136,0.19995128,Test
1137,0.12639171,Test
1138,0.118523665,Test
1139,0.20460895,Test
1140,0.15516675,Test
1141,0.15306288,Test
1142,0.18833624,Test
1143,0.1411484,Test
1144,0.17335337,Test
1145,0.122199036,Test
1146,0.17521727,Test
1147,0.1923662,Test
1148,0.15229385,Test
1149,0.17922175,Test
1150,0.20473799,Test
1151,0.1848229,Test
1152,0.17774646,Test
1153,0.17901663,Test
1154,0.15956609,Test
1155,0.16971801,Test
1156,0.1759906,Test
1157,0.18577115,Test
1158,0.16989902,Test
1159,0.15690498,Test
1160,0.15114246,Test
1161,0.17215809,Test
1162,0.14375308,Test
1163,0.16821283,Test
1164,0.17169978,Test
1165,0.13177317,Test
1166,0.1603169,Test
1167,0.15679944,Test
1168,0.167182,Test
1169,0.1572285,Test
1170,0.15807337,Test
1171,0.21038723,Test
1172,0.19967641,Test
1173,0.14879645,Test
1174,0.17525136,Test
1175,0.14759186,Test
1176,0.16172212,Test
1177,0.1431426,Test
1178,0.113619484,Test
1179,0.2223436,Test
1180,0.15788881,Test
1181,0.16597728,Test
1182,0.17645828,Test
1183,0.15250947,Test
1184,0.16233821,Test
1185,0.1499833,Test
1186,0.12886937,Test
1187,0.15740244,Test
1188,0.15495093,Test
1189,0.15073538,Test
1190,0.16751875,Test
1191,0.17598285,Test
1192,0.14637451,Test
1193,0.1552826,Test
1194,0.14445114,Test
1195,0.17493159,Test
1196,0.17548692,Test
1197,0.17269783,Test
1198,0.20362462,Test
1199,0.10078819,Test
1200,0.15519716,Test
1201,0.17306186,Test
1202,0.16053349,Test
1203,0.16456737,Test
1204,0.1380785,Test
1205,0.14759532,Test
1206,0.19803219,Test
1207,0.16568357,Test
1208,0.13848662,Test
1209,0.15598647,Test
1210,0.17579162,Test
1211,0.15552318,Test
1212,0.16365631,Test
1213,0.16195141,Test
1214,0.15215342,Test
1215,0.11553994,Test
1216,0.19034807,Test
1217,0.1528818,Test
1218,0.1593315,Test
1219,0.19274782,Test
1220,0.18550345,Test
1221,0.17622419,Test
1222,0.15499471,Test
1223,0.12915578,Test
1224,0.16240178,Test
1225,0.15654497,Test
1226,0.17935786,Test
1227,0.13132861,Test
1228,0.14852132,Test
1229,0.16649187,Test
1230,0.18530634,Test
1231,0.13297258,Test
1232,0.18351315,Test
1233,0.17457445,Test
1234,0.15282382,Test
1235,0.14711572,Test
1236,0.15845154,Test
1237,0.1450282,Test
1238,0.20941682,Test
1239,0.14891607,Test
1240,0.18580428,Test
1241,0.1328439,Test
1242,0.1913294,Test
1243,0.15589556,Test
1244,0.16106234,Test
1245,0.16779438,Test
1246,0.19444034,Test
1247,0.18193287,Test
1248,0.16061695,Test
1249,0.1650695,Test
1250,0.14777784,Test
1251,0.1789923,Test
1252,0.16530116,Test
1253,0.13029563,Test
1254,0.15870102,Test
1255,0.16569489,Test
1256,0.14823206,Test
1257,0.16164829,Test
1258,0.19361408,Test
1259,0.12570624,Test
1260,0.16335304,Test
1261,0.16087873,Test
1262,0.16889895,Test
1263,0.14246918,Test
1264,0.17657925,Test
1265,0.19124474,Test
1266,0.16166918,Test
1267,0.15436845,Test
1268,0.1614914,Test
1269,0.16635212,Test
1270,0.16454528,Test
1271,0.17331187,Test
1272,0.1479215,Test
1273,0.1686532,Test
1274,0.17241013,Test
1275,0.123636216,Test
1276,0.1738067,Test
1277,0.13161002,Test
1278,0.16104963,Test
1279,0.12889579,Test
1280,0.1368503,Test
1281,0.15639047,Test
1282,0.1496673,Test
1283,0.1644548,Test
1284,0.18783014,Test
1285,0.15632714,Test
1286,0.15940124,Test
1287,0.16991155,Test
1288,0.18274154,Test
1289,0.14917049,Test
1290,0.14650415,Test
1291,0.16426857,Test
1292,0.17357698,Test
1293,0.20564444,Test
1294,0.13681738,Test
1295,0.14815122,Test
1296,0.15285426,Test
1297,0.17348312,Test
1298,0.1665211,Test
1299,0.17158958,Test
1300,0.14810815,Test
1301,0.186687,Test
1302,0.16209243,Test
1303,0.13179792,Test
1304,0.17276807,Test
1305,0.11883608,Test
1306,0.14397375,Test
1307,0.16837512,Test
1308,0.15716763,Test
1309,0.16023028,Test
1310,0.115702204,Test
1311,0.17302085,Test
1312,0.14271203,Test
1313,0.16661255,Test
1314,0.18037371,Test
1315,0.15910995,Test
1316,0.18306734,Test
1317,0.21880792,Test
1318,0.16527137,Test
1319,0.17163762,Test
1320,0.14172697,Test
1321,0.14588632,Test
1322,0.13467641,Test
1323,0.18654524,Test
1324,0.1729372,Test
1325,0.189797,Test
1326,0.11062361,Test
1327,0.1827823,Test
1328,0.1731543,Test
1329,0.15557577,Test
1330,0.14548084,Test
1331,0.13818099,Test
1332,0.15905824,Test
1333,0.14948371,Test
1334,0.14893016,Test
1335,0.15947013,Test
1336,0.19911674,Test
1337,0.16742387,Test
1338,0.15945007,Test
1339,0.15035632,Test
1340,0.15927614,Test
1341,0.15103087,Test
1342,0.16688861,Test
1343,0.15851295,Test
1344,0.18822269,Test
1345,0.17999129,Test
1346,0.1753451,Test
1347,0.17066261,Test
1348,0.16522494,Test
1349,0.17573595,Test
1350,0.15381959,Test
1351,0.19172025,Test
1352,0.17049538,Test
1353,0.16609666,Test
1354,0.14532447,Test
1355,0.17440146,Test
1356,0.22074041,Test
1357,0.1254443,Test
1358,0.14928974,Test
1359,0.1339387,Test
1360,0.17929153,Test
1361,0.13399865,Test
1362,0.17006035,Test
1363,0.15208204,Test
1364,0.16844645,Test
1365,0.18590063,Test
1366,0.18271416,Test
1367,0.18079267,Test
1368,0.17307556,Test
1369,0.18575864,Test
1370,0.130163,Test
1371,0.15657514,Test
1372,0.12952195,Test
1373,0.17269783,Test
1374,0.15424956,Test
1375,0.1615894,Test
1376,0.19934234,Test
1377,0.1957278,Test
1378,0.14186466,Test
1379,0.16794597,Test
1380,0.1750981,Test
1381,0.20992532,Test
1382,0.19092111,Test
1383,0.201795,Test
1384,0.17678893,Test
1385,0.17259647,Test
1386,0.1698439,Test
1387,0.18742308,Test
1388,0.18887585,Test
1389,0.19518037,Test
1390,0.16383174,Test
1391,0.18470371,Test
1392,0.12296387,Test
1393,0.103883885,Test
1394,0.17691828,Test
1395,0.16048144,Test
1396,0.12231708,Test
1397,0.15141414,Test
1398,0.16358097,Test
1399,0.15130858,Test
1400,0.15134683,Test
1401,0.16991,Test
1402,0.1833488,Test
1403,0.16692503,Test
1404,0.16562892,Test
1405,0.16873774,Test
1406,0.15465488,Test
1407,0.15543137,Test
1408,0.151176,Test
1409,0.1681441,Test
1410,0.18601762,Test
1411,0.1635114,Test
1412,0.14851849,Test
1413,0.12182539,Test
1414,0.14307176,Test
1415,0.1415601,Test
1416,0.1644312,Test
1417,0.16775689,Test
1418,0.1799901,Test
1419,0.14178343,Test
1420,0.176724,Test
1421,0.16189758,Test
1422,0.1572804,Test
1423,0.19381322,Test
1424,0.17370287,Test
1425,0.13712507,Test
1426,0.14223722,Test
1427,0.15037964,Test
1428,0.17181371,Test
1429,0.19326961,Test
1430,0.16833532,Test
1431,0.13217913,Test
1432,0.1246855,Test
1433,0.15583731,Test
1434,0.16995955,Test
1435,0.15408066,Test
1436,0.17333256,Test
1437,0.18155819,Test
1438,0.18010524,Test
1439,0.15124542,Test
1440,0.18671139,Test
1441,0.16329135,Test
1442,0.17404877,Test
1443,0.1776976,Test
1444,0.1694474,Test
1445,0.16775997,Test
1446,0.14982417,Test
1447,0.1581983,Test
1448,0.16806184,Test
1449,0.1301305,Test
1450,0.158885,Test
1451,0.20141548,Test
1452,0.1654992,Test
1453,0.1571657,Test
1454,0.19412927,Test
1455,0.16322212,Test
1456,0.14811914,Test
1457,0.15396217,Test
1458,0.18609072,Test
1459,0.17754625,Test
1460,0.14419633,Test
1461,0.14762063,Test
1462,0.16964795,Test
1463,0.12150109,Test
1464,0.15959714,Test
1465,0.12003866,Test
1466,0.1882757,Test
1467,0.17912307,Test
1468,0.14214437,Test
1469,0.15608108,Test
1470,0.1756911,Test
1471,0.17976771,Test
1472,0.17377114,Test
1473,0.1578264,Test
1474,0.16567887,Test
1475,0.17014089,Test
1476,0.17821027,Test
1477,0.15498213,Test
1478,0.15340008,Test
1479,0.21337093,Test
1480,0.12270461,Test
1481,0.15199392,Test
1482,0.160535,Test
1483,0.17563194,Test
1484,0.1440691,Test
1485,0.16094732,Test
1486,0.19851716,Test
1487,0.16244137,Test
1488,0.10368649,Test
1489,0.16890399,Test
1490,0.1449401,Test
1491,0.16706768,Test
1492,0.19442476,Test
1493,0.17374754,Test
1494,0.15619089,Test
1495,0.16173069,Test
1496,0.18035297,Test
1497,0.16980001,Test
1498,0.15575822,Test
1499,0.12369576,Test
1500,0.14178763,Test
1501,0.114304446,Test
1502,0.15471189,Test
1503,0.17723171,Test
1504,0.18549597,Test
1505,0.1513528,Test
1506,0.15932836,Test
1507,0.17826724,Test
1508,0.20089754,Test
1509,0.17543437,Test
1510,0.16407827,Test
1511,0.16057187,Test
1512,0.16462637,Test
1513,0.16451673,Test
1514,0.13708366,Test
1515,0.113455206,Test
1516,0.12965415,Test
1517,0.15011257,Test
1518,0.13934831,Test
1519,0.16417184,Test
1520,0.15846731,Test
1521,0.14613716,Test
1522,0.2195309,Test
1523,0.16467585,Test
1524,0.1640823,Test
1525,0.1726514,Test
1526,0.1683287,Test
1527,0.17672454,Test
1528,0.18278386,Test
1529,0.18696128,Test
1530,0.17717665,Test
1531,0.1354169,Test
1532,0.15457067,Test
1533,0.14595571,Test
1534,0.17017569,Test
1535,0.17712,Test
1536,0.16576327,Test
1537,0.15880196,Test
1538,0.14757238,Test
1539,0.11127952,Test
1540,0.16699316,Test
1541,0.17658545,Test
1542,0.17645106,Test
1543,0.18463328,Test
1544,0.16537352,Test
1545,0.13915348,Test
1546,0.1823255,Test
1547,0.17771293,Test
1548,0.17233583,Test
1549,0.17283046,Test
1550,0.16667649,Test
1551,0.12823471,Test
1552,0.18059863,Test
1553,0.11775973,Test
1554,0.17204879,Test
1555,0.13835187,Test
1556,0.16916698,Test
1557,0.17115392,Test
1558,0.18477555,Test
1559,0.16268718,Test
1560,0.17960046,Test
1561,0.10849625,Test
1562,0.1393985,Test
1563,0.14303103,Test
1564,0.14023235,Test
1565,0.18705729,Test
1566,0.18491521,Test
1567,0.18041967,Test
1568,0.16713193,Test
1569,0.14361632,Test
1570,0.12168548,Test
1571,0.15079875,Test
1572,0.17752226,Test
1573,0.16921979,Test
1574,0.14636825,Test
1575,0.16910005,Test
1576,0.1702852,Test
1577,0.16823271,Test
1578,0.18848749,Test
1579,0.17555127,Test
1580,0.16437516,Test
1581,0.0981598,Test
1582,0.14684306,Test
1583,0.15057968,Test
1584,0.09850246,Test
1585,0.19036254,Test
1586,0.11367241,Test
1587,0.16678315,Test
1588,0.11682741,Test
1589,0.10376287,Test
1590,0.17094329,Test
1591,0.17710093,Test
1592,0.109342754,Test
1593,0.17188925,Test
1594,0.1536559,Test
1595,0.1972722,Test
1596,0.1580348,Test
1597,0.1293204,Test
1598,0.19343834,Test
1599,0.1672583,Test
1600,0.14972414,Test
1601,0.17646778,Test
1602,0.13625495,Test
1603,0.19738182,Test
1604,0.14328812,Test
1605,0.1632618,Test
1606,0.18181002,Test
1607,0.14471301,Test
1608,0.16290405,Test
1609,0.17308347,Test
1610,0.15073802,Test
1611,0.16951476,Test
1612,0.15671699,Test
1613,0.17799076,Test
1614,0.14715211,Test
1615,0.1552242,Test
1616,0.17297822,Test
1617,0.13763405,Test
1618,0.15882361,Test
1619,0.1513022,Test
1620,0.17820257,Test
1621,0.13812713,Test
1622,0.17212929,Test
1623,0.14053006,Test
1624,0.1281801,Test
1625,0.18439938,Test
1626,0.15756749,Test
1627,0.1638974,Test
1628,0.1560098,Test
1629,0.19304895,Test
1630,0.12672198,Test
1631,0.13365087,Test
1632,0.17832132,Test
1633,0.18193327,Test
1634,0.12396123,Test
1635,0.15984939,Test
1636,0.17366181,Test
1637,0.17066129,Test
1638,0.14913255,Test
1639,0.1385908,Test
1640,0.18109241,Test
1641,0.16546422,Test
1642,0.1474516,Test
1643,0.15979397,Test
1644,0.16727419,Test
1645,0.1543917,Test
1646,0.12743382,Test
1647,0.14065567,Test
1648,0.16769037,Test
1649,0.12897359,Test
1650,0.17075261,Test
1651,0.17588198,Test
1652,0.1624344,Test
1653,0.12631686,Test
1654,0.19552404,Test
1655,0.16205177,Test
1656,0.16680919,Test
1657,0.17408597,Test
1658,0.1924343,Test
1659,0.13638072,Test
1660,0.2054462,Test
1661,0.14400938,Test
1662,0.14521903,Test
1663,0.16533718,Test
1664,0.15200654,Test
1665,0.13594735,Test
1666,0.12532485,Test
1667,0.13399278,Test
1668,0.17260504,Test
1669,0.17717296,Test
1670,0.17287093,Test
1671,0.15726528,Test
1672,0.19208197,Test
1673,0.16218951,Test
1674,0.15106723,Test
1675,0.15834022,Test
1676,0.12172797,Test
1677,0.18382275,Test
1678,0.13347195,Test
1679,0.17291543,Test
1680,0.16809978,Test
1681,0.17758447,Test
1682,0.17927603,Test
1683,0.19738832,Test
1684,0.16222449,Test
1685,0.13637522,Test
1686,0.11967734,Test
1687,0.18149854,Test
1688,0.12226696,Test
1689,0.16892853,Test
1690,0.18813457,Test
1691,0.1523372,Test
1692,0.20266476,Test
1693,0.14168598,Test
1694,0.19240539,Test
1695,0.14609694,Test
1696,0.14452635,Test
1697,0.13935268,Test
1698,0.18705644,Test
1699,0.1752866,Test
1700,0.16580434,Test
1701,0.17968668,Test
1702,0.19834264,Test
1703,0.16248928,Test
1704,0.18269804,Test
1705,0.15197107,Test
1706,0.14402936,Test
1707,0.13677984,Test
1708,0.15727143,Test
1709,0.16610035,Test
1710,0.13890713,Test
1711,0.16864558,Test
1712,0.1603936,Test
1713,0.16830958,Test
1714,0.11041911,Test
1715,0.16125995,Test
1716,0.1866131,Test
1717,0.2337893,Test
1718,0.122025505,Test
1719,0.17008269,Test
1720,0.15153101,Test
1721,0.17226736,Test
1722,0.16735496,Test
1723,0.13806184,Test
1724,0.16746046,Test
1725,0.17095532,Test
1726,0.15474986,Test
1727,0.13781847,Test
1728,0.18507515,Test
1729,0.16261666,Test
1730,0.16129419,Test
1731,0.18088111,Test
1732,0.19368729,Test
1733,0.1803806,Test
1734,0.100784466,Test
1735,0.16016012,Test
1736,0.15295744,Test
1737,0.14393824,Test
1738,0.19625978,Test
1739,0.2101604,Test
1740,0.13622698,Test
1741,0.17065871,Test
1742,0.19613151,Test
1743,0.17365573,Test
1744,0.15199123,Test
1745,0.16301705,Test
1746,0.2065,Test
1747,0.12964875,Test
1748,0.15871441,Test
1749,0.12959522,Test
1750,0.15742269,Test
1751,0.18822536,Test
1752,0.17139843,Test
1753,0.1281005,Test
1754,0.17620854,Test
1755,0.14709637,Test
1756,0.16277643,Test
1757,0.15204132,Test
1758,0.17988881,Test
1759,0.11176617,Test
1760,0.15461928,Test
1761,0.1228548,Test
1762,0.16347186,Test
1763,0.15879193,Test
1764,0.19110447,Test
1765,0.1747969,Test
1766,0.17457604,Test
1767,0.1152188,Test
1768,0.13367885,Test
1769,0.14707999,Test
1770,0.14110562,Test
1771,0.19477911,Test
1772,0.16966937,Test
1773,0.17842929,Test
1774,0.14167678,Test
1775,0.16096948,Test
1776,0.15103562,Test
1777,0.16968271,Test
1778,0.11342229,Test
1779,0.19186199,Test
1780,0.1961546,Test
1781,0.13775656,Test
1782,0.13362135,Test
1783,0.13507403,Test
1784,0.16583735,Test
1785,0.1284498,Test
1786,0.15516174,Test
1787,0.16329633,Test
1788,0.18991065,Test
1789,0.19434631,Test
1790,0.17715417,Test
1791,0.1605679,Test
1792,0.19734126,Test
1793,0.15729152,Test
1794,0.16097985,Test
1795,0.12691094,Test
1796,0.17212315,Test
1797,0.13997954,Test
1798,0.17409687,Test
1799,0.17597407,Test
1800,0.17546484,Test
1801,0.12776749,Test
1802,0.18688037,Test
1803,0.1686475,Test
1804,0.14877363,Test
1805,0.16554639,Test
1806,0.17777756,Test
1807,0.17168117,Test
1808,0.121852316,Test
1809,0.15797323,Test
1810,0.13538785,Test
1811,0.19216533,Test
1812,0.1825015,Test
1813,0.1624175,Test
1814,0.15324289,Test
1815,0.16542579,Test
1816,0.17486061,Test
1817,0.16251989,Test
1818,0.20449756,Test
1819,0.16874728,Test
1820,0.15302011,Test
1821,0.1489014,Test
1822,0.20066957,Test
1823,0.16331744,Test
1824,0.13814628,Test
1825,0.17852329,Test
1826,0.16154431,Test
1827,0.16472518,Test
1828,0.17010222,Test
1829,0.19323614,Test
1830,0.19791171,Test
1831,0.1844444,Test
1832,0.15000385,Test
1833,0.18268546,Test
1834,0.16913784,Test
1835,0.15407863,Test
1836,0.15443937,Test
1837,0.15597293,Test
1838,0.19557726,Test
1839,0.16740179,Test
1840,0.17473881,Test
1841,0.15042832,Test
1842,0.16583416,Test
1843,0.186559,Test
1844,0.19184758,Test
1845,0.14932954,Test
1846,0.11686436,Test
1847,0.122232705,Test
1848,0.17195,Test
1849,0.20701739,Test
1850,0.13749544,Test
1851,0.17087634,Test
1852,0.18554509,Test
1853,0.1438768,Test
1854,0.15817086,Test
1855,0.15681055,Test
1856,0.19882816,Test
1857,0.18487151,Test
1858,0.13360888,Test
1859,0.17590104,Test
1860,0.15337338,Test
1861,0.15190423,Test
1862,0.1459722,Test
1863,0.16268583,Test
1864,0.16869912,Test
1865,0.19530885,Test
1866,0.18446387,Test
1867,0.12462914,Test
1868,0.13673173,Test
1869,0.14979303,Test
1870,0.1528549,Test
1871,0.16561389,Test
1872,0.17066976,Test
1873,0.1786377,Test
1874,0.17083631,Test
1875,0.12902255,Test
1876,0.1679297,Test
1877,0.17398961,Test
1878,0.17472008,Test
1879,0.19030884,Test
1880,0.104401045,Test
1881,0.14751509,Test
1882,0.19296949,Test
1883,0.1657289,Test
1884,0.16250321,Test
1885,0.16983286,Test
1886,0.16657576,Test
1887,0.14745331,Test
1888,0.15924755,Test
1889,0.124886855,Test
1890,0.16699332,Test
1891,0.15585852,Test
1892,0.12017154,Test
1893,0.1792662,Test
1894,0.16055627,Test
1895,0.18696254,Test
1896,0.14068022,Test
1897,0.1607901,Test
1898,0.1710329,Test
1899,0.19566332,Test
1900,0.15479857,Test
1901,0.1294198,Test
1902,0.20874211,Test
1903,0.1262243,Test
1904,0.16650975,Test
1905,0.14213398,Test
1906,0.16209535,Test
1907,0.19350345,Test
1908,0.17634211,Test
1909,0.14568228,Test
1910,0.17095621,Test
1911,0.15539612,Test
1912,0.16068482,Test
1913,0.15311217,Test
1914,0.20170364,Test
1915,0.1655711,Test
1916,0.112031974,Test
1917,0.18695007,Test
1918,0.19902322,Test
1919,0.16265135,Test
1920,0.14221476,Test
1921,0.16303621,Test
1922,0.13711962,Test
1923,0.15061842,Test
1924,0.1562008,Test
1925,0.1563924,Test
1926,0.13961627,Test
1927,0.15160266,Test
1928,0.16657715,Test
1929,0.16501524,Test
1930,0.18302569,Test
1931,0.15728652,Test
1932,0.15204786,Test
1933,0.1658998,Test
1934,0.16442733,Test
1935,0.18491293,Test
1936,0.17884034,Test
1937,0.19576953,Test
1938,0.12791236,Test
1939,0.15842931,Test
1940,0.21443439,Test
1941,0.1969552,Test
1942,0.18860255,Test
1943,0.16388676,Test
1944,0.16943532,Test
1945,0.19011797,Test
1946,0.15529937,Test
1947,0.17525734,Test
1948,0.17480199,Test
1949,0.14732945,Test
1950,0.11401562,Test
1951,0.15775219,Test
1952,0.1703746,Test
1953,0.15929763,Test
1954,0.14923202,Test
1955,0.16048823,Test
1956,0.16612044,Test
1957,0.15669262,Test
1958,0.16642037,Test
1959,0.17446676,Test
1960,0.13860488,Test
1961,0.17498817,Test
1962,0.15129714,Test
1963,0.18306033,Test
1964,0.15223329,Test
1965,0.16320091,Test
1966,0.15411039,Test
1967,0.15468399,Test
1968,0.21301822,Test
1969,0.15348977,Test
1970,0.1588985,Test
1971,0.15480714,Test
1972,0.16170856,Test
1973,0.19803743,Test
1974,0.15058912,Test
1975,0.18210381,Test
1976,0.19307071,Test
1977,0.10467019,Test
1978,0.1680294,Test
1979,0.15373722,Test
1980,0.133339,Test
1981,0.23883767,Test
1982,0.13516086,Test
1983,0.15095496,Test
1984,0.21996883,Test
1985,0.1247598,Test
1986,0.13587813,Test
1987,0.12617438,Test
1988,0.12201371,Test
1989,0.10440827,Test
1990,0.14801113,Test
1991,0.15705913,Test
1992,0.15936221,Test
1993,0.17494284,Test
1994,0.116087735,Test
1995,0.16797052,Test
1996,0.1461345,Test
1997,0.1590446,Test
1998,0.19520569,Test
1999,0.16578959,Test
2000,0.15873072,Test
2001,0.13225044,Test
2002,0.17439249,Test
2003,0.13477202,Test
2004,0.14493725,Test
2005,0.17154837,Test
2006,0.1817306,Test
2007,0.15558669,Test
2008,0.17223474,Test
2009,0.15132144,Test
2010,0.15219107,Test
2011,0.1905093,Test
2012,0.16042344,Test
2013,0.13808641,Test
2014,0.1707939,Test
2015,0.16251014,Test
2016,0.16997902,Test
2017,0.19677538,Test
2018,0.16404085,Test
2019,0.16687155,Test
2020,0.15865338,Test
2021,0.13941766,Test
2022,0.13809086,Test
2023,0.13623364,Test
2024,0.16435947,Test
2025,0.23569101,Test
2026,0.1736863,Test
2027,0.16501412,Test
2028,0.1602961,Test
2029,0.17361924,Test
2030,0.14463407,Test
2031,0.15484378,Test
2032,0.17925102,Test
2033,0.14525975,Test
2034,0.14707287,Test
2035,0.2034697,Test
2036,0.20345283,Test
2037,0.1361118,Test
2038,0.17128676,Test
2039,0.14877784,Test
2040,0.15157987,Test
2041,0.1899341,Test
2042,0.17691517,Test
2043,0.17780589,Test
2044,0.18181261,Test
2045,0.18440582,Test
2046,0.18987612,Test
2047,0.22592448,Test
2048,0.16872151,Test
2049,0.12977213,Test
2050,0.17766818,Test
2051,0.16556434,Test
2052,0.12981047,Test
2053,0.143358,Test
2054,0.16873382,Test
2055,0.17023015,Test
2056,0.15270317,Test
2057,0.16009712,Test
2058,0.18962233,Test
2059,0.1776825,Test
2060,0.20005918,Test
2061,0.15288948,Test
2062,0.16301277,Test
2063,0.1534846,Test
2064,0.1586147,Test
2065,0.15604323,Test
2066,0.12635149,Test
2067,0.17503129,Test
2068,0.16766681,Test
2069,0.15745723,Test
2070,0.16867878,Test
2071,0.18757154,Test
2072,0.1466669,Test
2073,0.13322128,Test
2074,0.11104132,Test
2075,0.1898388,Test
2076,0.13897653,Test
2077,0.18345645,Test
2078,0.16760531,Test
2079,0.16872661,Test
2080,0.16430905,Test
2081,0.14507566,Test
2082,0.18306583,Test
2083,0.17928392,Test
2084,0.16054343,Test
2085,0.1373796,Test
2086,0.18977444,Test
2087,0.15216234,Test
2088,0.17791136,Test
2089,0.16800548,Test
2090,0.1685724,Test
2091,0.13379477,Test
2092,0.1381018,Test
2093,0.14643486,Test
2094,0.14101008,Test
2095,0.16683708,Test
2096,0.16459456,Test
2097,0.12159262,Test
2098,0.1449239,Test
2099,0.1499595,Test
2100,0.16930321,Test
2101,0.1859751,Test
2102,0.17736788,Test
2103,0.16621342,Test
2104,0.14445418,Test
2105,0.18044268,Test
2106,0.1932306,Test
2107,0.14791706,Test
2108,0.17397079,Test
2109,0.16627148,Test
2110,0.1921946,Test
2111,0.2050697,Test
2112,0.15117693,Test
2113,0.18055011,Test
2114,0.16060922,Test
2115,0.17081127,Test
2116,0.16201474,Test
2117,0.18210518,Test
2118,0.15244363,Test
2119,0.18003021,Test
2120,0.16384387,Test
2121,0.1544086,Test
2122,0.13207658,Test
2123,0.14279525,Test
2124,0.14673536,Test
2125,0.15801424,Test
2126,0.13091679,Test
2127,0.1579832,Test
2128,0.13858859,Test
2129,0.1500641,Test
2130,0.14098796,Test
2131,0.17417076,Test
2132,0.17199455,Test
2133,0.14353615,Test
2134,0.12993574,Test
2135,0.17359364,Test
2136,0.17594416,Test
2137,0.14709994,Test
2138,0.14932805,Test
2139,0.13768052,Test
2140,0.11147486,Test
2141,0.1714634,Test
2142,0.14032589,Test
2143,0.14348789,Test
2144,0.16705966,Test
2145,0.15587988,Test
2146,0.16460495,Test
2147,0.13949543,Test
2148,0.13286409,Test
2149,0.15864952,Test
2150,0.15603119,Test
2151,0.1683589,Test
2152,0.19041938,Test
2153,0.14972316,Test
2154,0.16948211,Test
2155,0.16557616,Test
2156,0.13208309,Test
2157,0.15960304,Test
2158,0.17802884,Test
2159,0.17658491,Test
2160,0.1495063,Test
2161,0.18606658,Test
2162,0.1493658,Test
2163,0.18232067,Test
2164,0.13224494,Test
2165,0.13134515,Test
2166,0.1371981,Test
2167,0.17906207,Test
2168,0.20588024,Test
2169,0.13248087,Test
2170,0.18501087,Test
2171,0.13494271,Test
2172,0.14352998,Test
2173,0.17057449,Test
2174,0.12808603,Test
2175,0.15422536,Test
2176,0.1792835,Test
2177,0.18437663,Test
2178,0.114421904,Test
2179,0.1613282,Test
2180,0.13500959,Test
2181,0.14004724,Test
2182,0.1847233,Test
2183,0.15831757,Test
2184,0.15155087,Test
2185,0.17766824,Test
2186,0.17081493,Test
2187,0.18065433,Test
2188,0.14044052,Test
2189,0.11957981,Test
2190,0.14416176,Test
2191,0.13416879,Test
2192,0.14210781,Test
2193,0.15253751,Test
2194,0.16557099,Test
2195,0.14201608,Test
2196,0.14553088,Test
2197,0.1564377,Test
2198,0.1676477,Test
2199,0.16414204,Test
2200,0.1436139,Test
2201,0.20566773,Test
2202,0.16696772,Test
2203,0.14276507,Test
2204,0.16234328,Test
2205,0.1276917,Test
2206,0.15911922,Test
2207,0.13996951,Test
2208,0.17161,Test
2209,0.16870852,Test
2210,0.15866151,Test
2211,0.13566665,Test
2212,0.16597272,Test
2213,0.13846351,Test
2214,0.14300938,Test
2215,0.11200754,Test
2216,0.18283972,Test
2217,0.18250848,Test
2218,0.17747627,Test
2219,0.16070232,Test
2220,0.13336478,Test
2221,0.16729186,Test
2222,0.13213485,Test
2223,0.14082439,Test
2224,0.18550372,Test
2225,0.16746427,Test
2226,0.17827557,Test
2227,0.18221755,Test
2228,0.1908799,Test
2229,0.1486126,Test
2230,0.16922876,Test
2231,0.1593586,Test
2232,0.14965872,Test
2233,0.17426766,Test
2234,0.15636675,Test
2235,0.15015677,Test
2236,0.15115806,Test
2237,0.15030691,Test
2238,0.14131862,Test
2239,0.15340792,Test
2240,0.17428988,Test
2241,0.16169131,Test
2242,0.17341292,Test
2243,0.19209738,Test
2244,0.16223943,Test
2245,0.16765152,Test
2246,0.21613364,Test
2247,0.15914035,Test
2248,0.17114867,Test
2249,0.12087506,Test
2250,0.15701567,Test
2251,0.1901523,Test
2252,0.1594504,Test
2253,0.1831313,Test
2254,0.15016541,Test
2255,0.15657267,Test
2256,0.15447891,Test
2257,0.13755128,Test
2258,0.19525844,Test
2259,0.16046092,Test
2260,0.14697771,Test
2261,0.20638946,Test
2262,0.1839373,Test
2263,0.1546522,Test
2264,0.18676077,Test
2265,0.10231276,Test
2266,0.17574623,Test
2267,0.15241978,Test
2268,0.16828609,Test
2269,0.13683607,Test
2270,0.1741258,Test
2271,0.16672009,Test
2272,0.18300094,Test
2273,0.18045177,Test
2274,0.16008273,Test
2275,0.1996203,Test
2276,0.16663356,Test
2277,0.18854597,Test
2278,0.16260858,Test
2279,0.16603044,Test
2280,0.18508536,Test
2281,0.22472242,Test
2282,0.14774638,Test
2283,0.1466272,Test
2284,0.1851448,Test
2285,0.14249152,Test
2286,0.16333441,Test
2287,0.18355717,Test
2288,0.18510675,Test
2289,0.19910908,Test
2290,0.12886159,Test
2291,0.16461518,Test
2292,0.18274754,Test
2293,0.17782986,Test
2294,0.17877792,Test
2295,0.16333815,Test
2296,0.17854185,Test
2297,0.16601284,Test
2298,0.14466687,Test
2299,0.14303136,Test
2300,0.14391397,Test
2301,0.16541713,Test
2302,0.15224789,Test
2303,0.14830552,Test
2304,0.1831602,Test
2305,0.16481684,Test
2306,0.18820986,Test
2307,0.17721209,Test
2308,0.1595985,Test
2309,0.17113909,Test
2310,0.16420421,Test
2311,0.17544454,Test
2312,0.14874887,Test
2313,0.17006114,Test
2314,0.14371298,Test
2315,0.20341621,Test
2316,0.18088129,Test
2317,0.1578526,Test
2318,0.17099638,Test
2319,0.1732217,Test
2320,0.17497183,Test
2321,0.18065178,Test
2322,0.15440807,Test
2323,0.12191598,Test
2324,0.17989253,Test
2325,0.13948272,Test
2326,0.15989496,Test
2327,0.14672452,Test
2328,0.13472764,Test
2329,0.16319321,Test
2330,0.17389701,Test
2331,0.11687729,Test
2332,0.17424706,Test
2333,0.14497282,Test
2334,0.17274646,Test
2335,0.17955722,Test
2336,0.17413981,Test
2337,0.19231635,Test
2338,0.17163333,Test
2339,0.1407607,Test
2340,0.15528835,Test
2341,0.18132983,Test
2342,0.16255845,Test
2343,0.15469946,Test
2344,0.11379361,Test
2345,0.14525792,Test
2346,0.14778054,Test
2347,0.15624616,Test
2348,0.13787775,Test
2349,0.15241094,Test
2350,0.11771102,Test
2351,0.21088868,Test
2352,0.15583569,Test
2353,0.17611898,Test
2354,0.16280746,Test
2355,0.16864598,Test
2356,0.15512368,Test
2357,0.1681966,Test
2358,0.15971904,Test
2359,0.1486926,Test
2360,0.172609,Test
2361,0.15835774,Test
2362,0.18295442,Test
2363,0.1391256,Test
2364,0.15846628,Test
2365,0.14794917,Test
2366,0.14094695,Test
2367,0.1530206,Test
2368,0.18672754,Test
2369,0.1879054,Test
2370,0.20429069,Test
2371,0.14732322,Test
2372,0.18042265,Test
2373,0.15848154,Test
2374,0.1541515,Test
2375,0.14096196,Test
2376,0.1404034,Test
2377,0.18720281,Test
2378,0.14667328,Test
2379,0.15028739,Test
2380,0.15213604,Test
2381,0.1524008,Test
2382,0.19032687,Test
2383,0.14618997,Test
2384,0.15353167,Test
2385,0.16454408,Test
2386,0.16205007,Test
2387,0.14493036,Test
2388,0.18992315,Test
2389,0.14618737,Test
2390,0.17412573,Test
2391,0.18643579,Test
2392,0.15451959,Test
2393,0.1495734,Test
2394,0.19379312,Test
2395,0.14611933,Test
2396,0.17624076,Test
2397,0.15628818,Test
2398,0.14103343,Test
2399,0.18006046,Test
2400,0.1686262,Test
2401,0.14047496,Test
2402,0.17747603,Test
2403,0.18453966,Test
2404,0.17476214,Test
2405,0.15522458,Test
2406,0.19565998,Test
2407,0.14824371,Test
2408,0.12578748,Test
2409,0.16172276,Test
2410,0.16720082,Test
2411,0.17037655,Test
2412,0.13020375,Test
2413,0.15309249,Test
2414,0.1563429,Test
2415,0.14959112,Test
2416,0.1952809,Test
2417,0.12093256,Test
2418,0.13881214,Test
2419,0.16351375,Test
2420,0.1390624,Test
2421,0.17671533,Test
2422,0.15916948,Test
2423,0.17641039,Test
2424,0.16349383,Test
2425,0.16330671,Test
2426,0.13554795,Test
2427,0.16539827,Test
2428,0.11620102,Test
2429,0.1736028,Test
2430,0.16951577,Test
2431,0.16976768,Test
2432,0.17711265,Test
2433,0.20783997,Test
2434,0.16011938,Test
2435,0.121682264,Test
2436,0.09979635,Test
2437,0.20744546,Test
2438,0.16925278,Test
2439,0.15183438,Test
2440,0.1840541,Test
2441,0.15874287,Test
2442,0.1917455,Test
2443,0.17013414,Test
2444,0.14713895,Test
2445,0.15282227,Test
2446,0.14739577,Test
2447,0.1775966,Test
2448,0.15614976,Test
2449,0.17041358,Test
2450,0.16781367,Test
2451,0.15298137,Test
2452,0.17408204,Test
2453,0.18701002,Test
2454,0.1592904,Test
2455,0.11990673,Test
2456,0.17296737,Test
2457,0.16142708,Test
2458,0.15779336,Test
2459,0.14442265,Test
2460,0.1882185,Test
2461,0.1689091,Test
2462,0.15095976,Test
2463,0.13645577,Test
2464,0.15109469,Test
2465,0.19832033,Test
2466,0.18460013,Test
2467,0.1409043,Test
2468,0.15642135,Test
2469,0.18139817,Test
2470,0.15797779,Test
2471,0.15316729,Test
2472,0.17051473,Test
2473,0.1678717,Test
2474,0.1468737,Test
2475,0.18611541,Test
2476,0.15463217,Test
2477,0.15297589,Test
2478,0.21572183,Test
2479,0.20576267,Test
2480,0.12673435,Test
2481,0.19072118,Test
2482,0.14860648,Test
2483,0.1551105,Test
2484,0.14263542,Test
2485,0.17756058,Test
2486,0.17274016,Test
2487,0.15541491,Test
2488,0.17799672,Test
2489,0.15680887,Test
2490,0.14635034,Test
2491,0.13711138,Test
2492,0.18117297,Test
2493,0.15562993,Test
2494,0.17397134,Test
2495,0.21480432,Test
2496,0.11692091,Test
2497,0.17439441,Test
2498,0.17398092,Test
2499,0.15848021,Test
2500,0.12913184,Test
2501,0.14174685,Test
2502,0.13347645,Test
2503,0.18888865,Test
2504,0.19018112,Test
2505,0.1709857,Test
2506,0.14993118,Test
2507,0.19552536,Test
2508,0.17812909,Test
2509,0.15928328,Test
2510,0.15970427,Test
2511,0.17134571,Test
2512,0.123881355,Test
2513,0.15269192,Test
2514,0.1647572,Test
2515,0.1324417,Test
2516,0.16795959,Test
2517,0.19991516,Test
2518,0.1235044,Test
2519,0.1496097,Test
2520,0.15191342,Test
2521,0.13748452,Test
2522,0.18244453,Test
2523,0.14990649,Test
2524,0.16382152,Test
2525,0.16966683,Test
2526,0.21081215,Test
2527,0.18517256,Test
2528,0.16014123,Test
2529,0.17870554,Test
2530,0.16601352,Test
2531,0.16352786,Test
2532,0.1662616,Test
2533,0.1518585,Test
2534,0.15958034,Test
2535,0.16672997,Test
2536,0.18110408,Test
2537,0.18747598,Test
2538,0.15092939,Test
2539,0.15257105,Test
2540,0.15902467,Test
2541,0.1598761,Test
2542,0.14490223,Test
2543,0.15883689,Test
2544,0.1733451,Test
2545,0.20858379,Test
2546,0.15395597,Test
2547,0.1813433,Test
2548,0.17648697,Test
2549,0.15319577,Test
2550,0.18649857,Test
2551,0.13496275,Test
2552,0.18767148,Test
2553,0.14507847,Test
2554,0.14289588,Test
2555,0.20046514,Test
2556,0.16540356,Test
2557,0.1753236,Test
2558,0.1405325,Test
2559,0.1314636,Test
2560,0.13517274,Test
2561,0.16972847,Test
2562,0.16719888,Test
2563,0.12391136,Test
2564,0.15485962,Test
2565,0.16977268,Test
2566,0.14488028,Test
2567,0.21779186,Test
2568,0.1581247,Test
2569,0.15342738,Test
2570,0.12235055,Test
2571,0.16249819,Test
2572,0.16566871,Test
2573,0.102063954,Test
2574,0.17457764,Test
2575,0.1259012,Test
2576,0.15174155,Test
2577,0.14987817,Test
2578,0.17163739,Test
2579,0.14562434,Test
2580,0.14852223,Test
2581,0.17406632,Test
2582,0.12660389,Test
2583,0.17813912,Test
2584,0.19676165,Test
2585,0.17617509,Test
2586,0.15413338,Test
2587,0.16302998,Test
2588,0.16292591,Test
2589,0.22370282,Test
2590,0.16469677,Test
2591,0.14193437,Test
2592,0.15935338,Test
2593,0.17063487,Test
2594,0.17789952,Test
2595,0.19820169,Test
2596,0.1851899,Test
2597,0.17055061,Test
2598,0.13872261,Test
2599,0.12239607,Test
2600,0.13006812,Test
2601,0.15539603,Test
2602,0.14527915,Test
2603,0.1470824,Test
2604,0.13871035,Test
2605,0.18958044,Test
2606,0.15120788,Test
2607,0.14078952,Test
2608,0.164156,Test
2609,0.15817283,Test
2610,0.16106202,Test
2611,0.14995822,Test
2612,0.1555131,Test
2613,0.12827606,Test
2614,0.15670691,Test
2615,0.14180194,Test
2616,0.15400116,Test
2617,0.14606692,Test
2618,0.15008675,Test
2619,0.1528367,Test
2620,0.13251072,Test
2621,0.14809139,Test
2622,0.13277458,Test
2623,0.17837366,Test
2624,0.19252451,Test
2625,0.15997855,Test
2626,0.21285336,Test
2627,0.14504914,Test
2628,0.15872408,Test
2629,0.17627181,Test
2630,0.14392497,Test
2631,0.13059697,Test
2632,0.1397128,Test
2633,0.15970957,Test
2634,0.15277728,Test
2635,0.20242982,Test
2636,0.16463734,Test
2637,0.18234356,Test
2638,0.18451014,Test
2639,0.18254694,Test
2640,0.14586514,Test
2641,0.1912362,Test
2642,0.17122744,Test
2643,0.12325798,Test
2644,0.17775908,Test
2645,0.13006751,Test
2646,0.1604479,Test
2647,0.14074638,Test
2648,0.16074638,Test
2649,0.16007274,Test
2650,0.16812436,Test
2651,0.1456099,Test
2652,0.12948832,Test
2653,0.16438667,Test
2654,0.15296598,Test
2655,0.16892108,Test
2656,0.15017815,Test
2657,0.15763807,Test
2658,0.18938605,Test
2659,0.15943176,Test
2660,0.12868463,Test
2661,0.1581279,Test
2662,0.1666247,Test
2663,0.1942343,Test
2664,0.16746634,Test
2665,0.16708125,Test
2666,0.15572914,Test
2667,0.16231762,Test
2668,0.1519438,Test
2669,0.17070124,Test
2670,0.18408777,Test
2671,0.18657213,Test
2672,0.15806127,Test
2673,0.15953456,Test
2674,0.15827762,Test
2675,0.15088163,Test
2676,0.14825046,Test
2677,0.167678,Test
2678,0.12208253,Test
2679,0.16409233,Test
2680,0.12451465,Test
2681,0.18572307,Test
2682,0.20767893,Test
2683,0.16507001,Test
2684,0.18678157,Test
2685,0.15751624,Test
2686,0.1493968,Test
2687,0.16255541,Test
2688,0.18179725,Test
2689,0.15940218,Test
2690,0.13275662,Test
2691,0.11269765,Test
2692,0.18566383,Test
2693,0.1597837,Test
2694,0.17556077,Test
2695,0.15474795,Test
2696,0.20348176,Test
2697,0.1391732,Test
2698,0.18221475,Test
2699,0.17425929,Test
2700,0.17357525,Test
2701,0.14804043,Test
2702,0.16382393,Test
2703,0.14431503,Test
2704,0.13907164,Test
2705,0.1653909,Test
2706,0.14790884,Test
2707,0.1791752,Test
2708,0.14565761,Test
2709,0.15342213,Test
2710,0.14929871,Test
2711,0.18604371,Test
2712,0.14726008,Test
2713,0.10410489,Test
2714,0.1624871,Test
2715,0.18342938,Test
2716,0.19576468,Test
2717,0.15143949,Test
2718,0.16435267,Test
2719,0.15997544,Test
2720,0.16155075,Test
2721,0.17004025,Test
2722,0.1760476,Test
2723,0.15319555,Test
2724,0.14718027,Test
2725,0.17853318,Test
2726,0.16188312,Test
2727,0.16257308,Test
2728,0.16445926,Test
2729,0.17836352,Test
2730,0.16662098,Test
2731,0.18218848,Test
2732,0.1786187,Test
2733,0.12669887,Test
2734,0.1842705,Test
2735,0.14914626,Test
2736,0.12800637,Test
2737,0.16487794,Test
2738,0.20261604,Test
2739,0.14222448,Test
2740,0.17202964,Test
2741,0.16494252,Test
2742,0.15876274,Test
2743,0.14661032,Test
2744,0.13286294,Test
2745,0.15422355,Test
2746,0.1598888,Test
2747,0.16132425,Test
2748,0.15705211,Test
2749,0.13000867,Test
2750,0.146243,Test
2751,0.18150184,Test
2752,0.15499584,Test
2753,0.1736224,Test
2754,0.14815773,Test
2755,0.16200916,Test
2756,0.14024994,Test
2757,0.15921973,Test
2758,0.19766414,Test
2759,0.1381113,Test
2760,0.13173597,Test
2761,0.1812385,Test
2762,0.17588812,Test
2763,0.12540442,Test
2764,0.19601844,Test
2765,0.16802031,Test
2766,0.18290105,Test
2767,0.1555179,Test
2768,0.13281243,Test
2769,0.0970051,Test
2770,0.15883528,Test
2771,0.18423092,Test
2772,0.17380251,Test
2773,0.16382329,Test
2774,0.16108312,Test
2775,0.15895855,Test
2776,0.16346732,Test
2777,0.16525386,Test
2778,0.19333027,Test
2779,0.18682925,Test
2780,0.15969448,Test
2781,0.14430398,Test
2782,0.13414128,Test
2783,0.15492977,Test
2784,0.19191921,Test
2785,0.18095836,Test
2786,0.16289194,Test
2787,0.1544711,Test
2788,0.16191599,Test
2789,0.1664974,Test
2790,0.16203494,Test
2791,0.17283744,Test
2792,0.16599992,Test
2793,0.16862479,Test
2794,0.14283638,Test
2795,0.091453426,Test
2796,0.1521431,Test
2797,0.17143704,Test
2798,0.13041848,Test
2799,0.17638013,Test
2800,0.12273316,Test
2801,0.19656493,Test
2802,0.11858937,Test
2803,0.14164372,Test
2804,0.15857042,Test
2805,0.16097182,Test
2806,0.16387565,Test
2807,0.18188067,Test
2808,0.17291933,Test
2809,0.15220398,Test
2810,0.17711706,Test
2811,0.14737618,Test
2812,0.15428923,Test
2813,0.18475923,Test
2814,0.21034037,Test
2815,0.17600796,Test
2816,0.19018069,Test
2817,0.15479144,Test
2818,0.19968165,Test
2819,0.14485788,Test
2820,0.19028316,Test
2821,0.15695906,Test
2822,0.14163175,Test
2823,0.17815372,Test
2824,0.17398834,Test
2825,0.16035274,Test
2826,0.15146947,Test
2827,0.16092044,Test
2828,0.14422971,Test
2829,0.12393422,Test
2830,0.13652092,Test
2831,0.21112034,Test
2832,0.1569111,Test
2833,0.18837294,Test
2834,0.14642082,Test
2835,0.14200982,Test
2836,0.15622483,Test
2837,0.13080324,Test
2838,0.20003493,Test
2839,0.17931077,Test
2840,0.18429887,Test
2841,0.18373872,Test
2842,0.18888456,Test
2843,0.13956487,Test
2844,0.16506147,Test
2845,0.1417797,Test
2846,0.17546101,Test
2847,0.14764974,Test
2848,0.13566907,Test
2849,0.14421535,Test
2850,0.15899602,Test
2851,0.17811777,Test
2852,0.15319183,Test
2853,0.17640917,Test
2854,0.16280892,Test
2855,0.15489818,Test
2856,0.2030071,Test
2857,0.15693669,Test
2858,0.1520715,Test
2859,0.17141628,Test
2860,0.13993149,Test
2861,0.15860336,Test
2862,0.19249225,Test
2863,0.16046132,Test
2864,0.13654508,Test
2865,0.13807333,Test
2866,0.16068077,Test
2867,0.12558195,Test
2868,0.18459472,Test
2869,0.1588953,Test
2870,0.15890746,Test
2871,0.16772145,Test
2872,0.16982153,Test
2873,0.18251821,Test
2874,0.21071774,Test
2875,0.16787703,Test
2876,0.15484191,Test
2877,0.1655494,Test
2878,0.13619076,Test
2879,0.15471233,Test
2880,0.11457256,Test
2881,0.18192807,Test
2882,0.16254093,Test
2883,0.19233833,Test
2884,0.16778912,Test
2885,0.17464687,Test
2886,0.20145033,Test
2887,0.13639553,Test
2888,0.15665257,Test
2889,0.16866776,Test
2890,0.13742664,Test
2891,0.17062543,Test
2892,0.16127788,Test
2893,0.16085787,Test
2894,0.19016358,Test
2895,0.19127738,Test
2896,0.13972512,Test
2897,0.15471314,Test
2898,0.15470669,Test
2899,0.1629935,Test
2900,0.13128419,Test
2901,0.12492844,Test
2902,0.14309846,Test
2903,0.11145209,Test
2904,0.15579098,Test
2905,0.17997684,Test
2906,0.17050493,Test
2907,0.14865723,Test
2908,0.17381711,Test
2909,0.16629058,Test
2910,0.1637943,Test
2911,0.1448835,Test
2912,0.18377861,Test
2913,0.17729719,Test
2914,0.1608957,Test
2915,0.19386142,Test
2916,0.16123581,Test
2917,0.15793467,Test
2918,0.13456793,Test
2919,0.19288807,Test
2920,0.17435999,Test
2921,0.13156429,Test
2922,0.16373776,Test
2923,0.16688924,Test
2924,0.14299408,Test
2925,0.18025781,Test
2926,0.15088737,Test
2927,0.18379535,Test
2928,0.16163397,Test
2929,0.10850706,Test
2930,0.1404621,Test
2931,0.17722401,Test
2932,0.15860866,Test
2933,0.1435793,Test
2934,0.19345115,Test
2935,0.09965321,Test
2936,0.16580704,Test
2937,0.19335619,Test
2938,0.14336367,Test
2939,0.17987046,Test
2940,0.18858892,Test
2941,0.16250362,Test
2942,0.15532027,Test
2943,0.17179444,Test
2944,0.16354007,Test
2945,0.16679162,Test
2946,0.15630995,Test
2947,0.17253551,Test
2948,0.14176883,Test
2949,0.14500698,Test
2950,0.18398823,Test
2951,0.14387728,Test
2952,0.18975002,Test
2953,0.18814641,Test
2954,0.11249366,Test
2955,0.14419357,Test
2956,0.1387727,Test
2957,0.18731235,Test
2958,0.11922295,Test
2959,0.1818624,Test
2960,0.1516671,Test
2961,0.16690789,Test
2962,0.11330956,Test
2963,0.1234365,Test
2964,0.20894775,Test
2965,0.20201856,Test
2966,0.17816262,Test
2967,0.15564445,Test
2968,0.1712503,Test
2969,0.18324342,Test
2970,0.16053775,Test
2971,0.122539334,Test
2972,0.13218725,Test
2973,0.14518507,Test
2974,0.17794944,Test
2975,0.1787285,Test
2976,0.19412649,Test
2977,0.18518858,Test
2978,0.18295301,Test
2979,0.16066088,Test
2980,0.15405092,Test
2981,0.19052637,Test
2982,0.16496888,Test
2983,0.19547789,Test
2984,0.1577711,Test
2985,0.14174116,Test
2986,0.17570478,Test
2987,0.15230498,Test
2988,0.14504018,Test
2989,0.18493778,Test
2990,0.17335458,Test
2991,0.16446729,Test
2992,0.11920268,Test
2993,0.11942573,Test
2994,0.16791567,Test
2995,0.1950479,Test
2996,0.17441244,Test
2997,0.23552555,Test
2998,0.14155774,Test
2999,0.16353968,Test
3000,0.14626159,Test
3001,0.1619749,Test
3002,0.12163878,Test
3003,0.17483331,Test
3004,0.16298296,Test
3005,0.13351293,Test
3006,0.15574531,Test
3007,0.19283302,Test
3008,0.16792627,Test
3009,0.14116254,Test
3010,0.2012811,Test
3011,0.18708481,Test
3012,0.12563539,Test
3013,0.17647132,Test
3014,0.13019761,Test
3015,0.14545263,Test
3016,0.12467248,Test
3017,0.1849513,Test
3018,0.16616642,Test
3019,0.12881523,Test
3020,0.18096708,Test
3021,0.117094606,Test
3022,0.1765168,Test
3023,0.15892603,Test
3024,0.19483668,Test
3025,0.15721451,Test
3026,0.19341832,Test
3027,0.25129157,Test
3028,0.17362185,Test
3029,0.1303663,Test
3030,0.15053827,Test
3031,0.17849797,Test
3032,0.17025405,Test
3033,0.18728748,Test
3034,0.17729153,Test
3035,0.15095183,Test
3036,0.14886692,Test
3037,0.1752447,Test
3038,0.13684216,Test
3039,0.19542554,Test
3040,0.18607543,Test
3041,0.17261127,Test
3042,0.16443086,Test
3043,0.12279586,Test
3044,0.16425754,Test
3045,0.16440104,Test
3046,0.19048852,Test
3047,0.1314604,Test
3048,0.18821356,Test
3049,0.14724466,Test
3050,0.14531927,Test
3051,0.16911864,Test
3052,0.16368318,Test
3053,0.15330808,Test
3054,0.15088886,Test
3055,0.15026927,Test
3056,0.1364096,Test
3057,0.17519096,Test
3058,0.15828918,Test
3059,0.18220744,Test
3060,0.12669817,Test
3061,0.18770485,Test
3062,0.15324827,Test
3063,0.18185718,Test
3064,0.16673505,Test
3065,0.09941625,Test
3066,0.17592362,Test
3067,0.16914575,Test
3068,0.1653338,Test
3069,0.104068965,Test
3070,0.117700435,Test
3071,0.18962364,Test
3072,0.17408094,Test
3073,0.14639248,Test
3074,0.19307429,Test
3075,0.16714326,Test
3076,0.17353652,Test
3077,0.16659652,Test
3078,0.120140985,Test
3079,0.18528157,Test
3080,0.155305,Test
3081,0.13725623,Test
3082,0.1606077,Test
3083,0.15457667,Test
3084,0.15678117,Test
3085,0.16782339,Test
3086,0.16478461,Test
3087,0.15808928,Test
3088,0.20840004,Test
3089,0.19039321,Test
3090,0.1429231,Test
3091,0.19158876,Test
3092,0.18268497,Test
3093,0.14674096,Test
3094,0.19440067,Test
3095,0.1381832,Test
3096,0.1741628,Test
3097,0.1700815,Test
3098,0.1810859,Test
3099,0.20546153,Test
3100,0.169208,Test
3101,0.17609492,Test
3102,0.15345585,Test
3103,0.17545576,Test
3104,0.17630242,Test
3105,0.16630134,Test
3106,0.1614401,Test
3107,0.13754076,Test
3108,0.17503068,Test
3109,0.22551405,Test
3110,0.16812465,Test
3111,0.14093472,Test
3112,0.15303162,Test
3113,0.15633693,Test
3114,0.15721004,Test
3115,0.1533395,Test
3116,0.16906077,Test
3117,0.13929406,Test
3118,0.17403995,Test
3119,0.14509065,Test
3120,0.13173297,Test
3121,0.109674364,Test
3122,0.13164072,Test
3123,0.1763034,Test
3124,0.18792945,Test
3125,0.13965218,Test
3126,0.16640057,Test
3127,0.13614233,Test
3128,0.1660814,Test
3129,0.21534993,Test
3130,0.13447984,Test
3131,0.1778114,Test
3132,0.20191742,Test
3133,0.17113133,Test
3134,0.14011097,Test
3135,0.15317442,Test
3136,0.15156563,Test
3137,0.14955854,Test
3138,0.20831873,Test
3139,0.16882531,Test
3140,0.16888477,Test
3141,0.14929563,Test
3142,0.14769095,Test
3143,0.18293265,Test
3144,0.16307694,Test
3145,0.15301384,Test
3146,0.1802919,Test
3147,0.17904764,Test
3148,0.17207803,Test
3149,0.13569652,Test
3150,0.17769822,Test
3151,0.1282699,Test
3152,0.13002284,Test
3153,0.16923475,Test
3154,0.1825398,Test
3155,0.181494,Test
3156,0.15935032,Test
3157,0.13928962,Test
3158,0.1473914,Test
3159,0.17866495,Test
3160,0.19685127,Test
3161,0.112840846,Test
3162,0.16763248,Test
3163,0.17351906,Test
3164,0.14626458,Test
3165,0.1594266,Test
3166,0.13281108,Test
3167,0.12316214,Test
3168,0.15406953,Test
3169,0.168783,Test
3170,0.19068643,Test
3171,0.15909404,Test
3172,0.16168085,Test
3173,0.13046913,Test
3174,0.15996324,Test
3175,0.14912403,Test
3176,0.17812595,Test
3177,0.17105162,Test
3178,0.201032,Test
3179,0.19441923,Test
3180,0.16916247,Test
3181,0.12274808,Test
3182,0.17560329,Test
3183,0.12610237,Test
3184,0.1333691,Test
3185,0.16492887,Test
3186,0.16875707,Test
3187,0.15736783,Test
3188,0.13955611,Test
3189,0.163095,Test
3190,0.16253904,Test
3191,0.1472859,Test
3192,0.17706932,Test
3193,0.16141123,Test
3194,0.14842933,Test
3195,0.17306046,Test
3196,0.11411594,Test
3197,0.1331713,Test
3198,0.12275903,Test
3199,0.17096648,Test
3200,0.16904265,Test
3201,0.12676048,Test
3202,0.20440483,Test
3203,0.15400544,Test
3204,0.18629529,Test
3205,0.17002876,Test
3206,0.13330314,Test
3207,0.19850203,Test
3208,0.15983108,Test
3209,0.15882476,Test
3210,0.14842263,Test
3211,0.14314403,Test
3212,0.15307647,Test
3213,0.15510868,Test
3214,0.1619605,Test
3215,0.15728702,Test
3216,0.19440997,Test
3217,0.19219488,Test
3218,0.19137731,Test
3219,0.10621781,Test
3220,0.17834727,Test
3221,0.16082466,Test
3222,0.17408971,Test
3223,0.1597807,Test
3224,0.11403835,Test
3225,0.16301395,Test
3226,0.17402688,Test
3227,0.14951438,Test
3228,0.14799242,Test
3229,0.14780217,Test
3230,0.17876525,Test
3231,0.12164519,Test
3232,0.1295711,Test
3233,0.14680307,Test
3234,0.15883014,Test
3235,0.16362055,Test
3236,0.17703916,Test
3237,0.16240588,Test
3238,0.16002665,Test
3239,0.1604932,Test
3240,0.15376619,Test
3241,0.14225014,Test
3242,0.166754,Test
3243,0.10722577,Test
3244,0.16251443,Test
3245,0.14402129,Test
3246,0.18696968,Test
3247,0.17279384,Test
3248,0.16474208,Test
3249,0.17496672,Test
3250,0.17356001,Test
3251,0.13316579,Test
3252,0.15127556,Test
3253,0.13507728,Test
3254,0.1802327,Test
3255,0.1734113,Test
3256,0.13739428,Test
3257,0.13319924,Test
3258,0.1750331,Test
3259,0.1596402,Test
3260,0.13889366,Test
3261,0.17525445,Test
3262,0.1642745,Test
3263,0.18770652,Test
3264,0.16245995,Test
3265,0.14964935,Test
3266,0.16885404,Test
3267,0.20157114,Test
3268,0.19333641,Test
3269,0.16490853,Test
3270,0.17369774,Test
3271,0.1646119,Test
3272,0.16368401,Test
3273,0.13411966,Test
3274,0.1291359,Test
3275,0.13725966,Test
3276,0.14198208,Test
3277,0.16431683,Test
3278,0.120714396,Test
3279,0.15344766,Test
3280,0.13353054,Test
3281,0.14207985,Test
3282,0.16942303,Test
3283,0.18338938,Test
3284,0.14956814,Test
3285,0.17392048,Test
3286,0.20781352,Test
3287,0.15581901,Test
3288,0.1416824,Test
3289,0.14244182,Test
3290,0.17639972,Test
3291,0.1824899,Test
3292,0.1421527,Test
3293,0.13929757,Test
3294,0.10938163,Test
3295,0.13547549,Test
3296,0.1313629,Test
3297,0.20844157,Test
3298,0.17309049,Test
3299,0.19434199,Test
3300,0.20744851,Test
3301,0.17478685,Test
3302,0.20330511,Test
3303,0.1285396,Test
3304,0.17079724,Test
3305,0.16029501,Test
3306,0.17732139,Test
3307,0.1747706,Test
3308,0.17207147,Test
3309,0.16015464,Test
3310,0.15500215,Test
3311,0.1808133,Test
3312,0.14597805,Test
3313,0.1642377,Test
3314,0.18976668,Test
3315,0.17334267,Test
3316,0.17546512,Test
3317,0.19425714,Test
3318,0.16465726,Test
3319,0.1800617,Test
3320,0.1734761,Test
3321,0.15724684,Test
3322,0.17965055,Test
3323,0.1578927,Test
3324,0.15333442,Test
3325,0.16194706,Test
3326,0.1871827,Test
3327,0.14793362,Test
3328,0.17364956,Test
3329,0.13109101,Test
3330,0.13423589,Test
3331,0.15051778,Test
3332,0.17269428,Test
3333,0.15244286,Test
3334,0.1657243,Test
3335,0.15365233,Test
3336,0.177549,Test
3337,0.16226916,Test
3338,0.16514699,Test
3339,0.18501437,Test
3340,0.16389577,Test
3341,0.16602385,Test
3342,0.1515719,Test
3343,0.17893101,Test
3344,0.21127334,Test
3345,0.14314684,Test
3346,0.16317378,Test
3347,0.17329538,Test
3348,0.1672591,Test
3349,0.14945796,Test
3350,0.18442617,Test
3351,0.15993348,Test
3352,0.155179,Test
3353,0.1435231,Test
3354,0.15300298,Test
3355,0.15780371,Test
3356,0.1756855,Test
3357,0.1419874,Test
3358,0.17228264,Test
3359,0.2005902,Test
3360,0.1814351,Test
3361,0.16044168,Test
3362,0.16107291,Test
3363,0.15948728,Test
3364,0.16613574,Test
3365,0.1777587,Test
3366,0.20519356,Test
3367,0.16685136,Test
3368,0.16266336,Test
3369,0.16106313,Test
3370,0.16844487,Test
3371,0.12194559,Test
3372,0.18386544,Test
3373,0.18000554,Test
3374,0.11802952,Test
3375,0.16898619,Test
3376,0.16468878,Test
3377,0.15099739,Test
3378,0.18657318,Test
3379,0.18118873,Test
3380,0.16423629,Test
3381,0.16236188,Test
3382,0.18475659,Test
3383,0.15039149,Test
3384,0.16549385,Test
3385,0.16297911,Test
3386,0.18222585,Test
3387,0.19267662,Test
3388,0.17910504,Test
3389,0.1722841,Test
3390,0.16952606,Test
3391,0.14483306,Test
3392,0.19574665,Test
3393,0.16903202,Test
3394,0.1854853,Test
3395,0.17626251,Test
3396,0.17917244,Test
3397,0.20491925,Test
3398,0.13366589,Test
3399,0.15789242,Test
3400,0.15875238,Test
3401,0.13804649,Test
3402,0.16646197,Test
3403,0.19309792,Test
3404,0.11562404,Test
3405,0.17252544,Test
3406,0.16635144,Test
3407,0.17566033,Test
3408,0.15551682,Test
3409,0.13452339,Test
3410,0.14564525,Test
3411,0.14823003,Test
3412,0.13710125,Test
3413,0.1379378,Test
3414,0.17395152,Test
3415,0.16309924,Test
3416,0.14201657,Test
3417,0.15652056,Test
3418,0.13762112,Test
3419,0.15560982,Test
3420,0.15240712,Test
